TR93 8768 6017 5193 6120 67,customers/77086118452/TR93 8768 6017 5193 6120 67/accountInfo.txt
TR55 1194 2278 9065 2244 62,customers/77086218452/TR55 1194 2278 9065 2244 62/accountInfo.txt
TR62 0318 7693 9418 2745 86,customers/77048218642/TR62 0318 7693 9418 2745 86/accountInfo.txt
TR36 1642 9301 6532 7433 70,customers/77046218638/TR36 1642 9301 6532 7433 70/accountInfo.txt
TR37 9699 7672 4910 0963 16,customers/86523412986/TR37 9699 7672 4910 0963 16/accountInfo.txt
TR99 0300 7838 7131 6001 40,customers/51248618649/TR99 0300 7838 7131 6001 40/accountInfo.txt
TR20 7293 5299 1100 0246 92,customers/77086218452/TR20 7293 5299 1100 0246 92/accountInfo.txt
TR30 0331 7123 3670 1702 30,customers/51248618649/TR30 0331 7123 3670 1702 30/accountInfo.txt
TR66 1349 5875 9498 8155 25,customers/77046218638/TR66 1349 5875 9498 8155 25/accountInfo.txt
TR23 4817 1100 9868 1134 80,customers/16452318742/TR23 4817 1100 9868 1134 80/accountInfo.txt
TR70 5814 2799 9924 1153 64,customers/51248618649/TR70 5814 2799 9924 1153 64/accountInfo.txt
TR73 2702 6224 0667 1217 66,customers/77084512645/TR73 2702 6224 0667 1217 66/accountInfo.txt
TR63 1613 6211 6523 1418 04,customers/77084512645/TR63 1613 6211 6523 1418 04/accountInfo.txt
TR56 6130 7353 5069 3909 12,customers/77014285962/TR56 6130 7353 5069 3909 12/accountInfo.txt
TR58 8347 3903 4354 8631 95,customers/77086118452/TR58 8347 3903 4354 8631 95/accountInfo.txt
TR04 8310 3795 8169 7617 14,customers/77014285962/TR04 8310 3795 8169 7617 14/accountInfo.txt
TR58 4500 3114 1589 0160 10,customers/77048218642/TR58 4500 3114 1589 0160 10/accountInfo.txt
